11110801451

01071010 71001010 111 197
0011 716

dropped in vernei 186
1001 ignia 11 660
1001111107 101
00710 1 11517 11714
10011501 401
1100111, 1 1080
0111111 1 41
111110111ηοἰο 11 1044
10011001 587
anguls (i 855) 7 1110507 111501001110
1 1151
otiare vi 858
stin 01101 1 141
n, 071, 01, nte. preceded by 0 111011
vowel 11 771
1017110οι011 vi 810
cilicet with 000011. 0100110 110011 110
1017111100 iii 10547 1117001101 fulmen
10111711
0111710001 11 515
0511111 1 1056
00111101110011111121001101 iii 741
11101011 0010 in 11001100 11 79
’011000 01111100 10 11001. iii 9777 10687
0111101000111011155 56
0000100, partin iii 771
111000, 0111111701, 71. 5401011
annihila 10107111 11 775
00100111, periphrastic iii 571
norsum 111111 abl. 111 5647 00111011,
00011010, 1011010, 010. iii 651
nun iii 31⁵
1170011156711985711195071111111010,
1519
1010011010οη 1 1190
1111111517 1178
11100 11 515
11010111460715571190
1111071117 beginning 1 1011101100 11807
0101011101 105771156670110110 1
7107 111101 10 1110091011 sor 1110
1010 01 argument 1 968
bi 7101 001 506
01970
1057011111 1115
111010111190011011, 11585

11701101οὼ1 1691 “

rihni 11 1164

silex i 5111 11 449

011110 141

1110110001 01011111 11171701111110111111
501101101111111

0111711100, 1110101ωο10111.1 1015

simulam 110111 ii 41

simulatur 1 687

1100010111 001010 iii 875

singlariter (11 1067)7 vi 1067

10101 111119710110 00111511

solidus 1 546

0011010 11 800

sollicitus v 1114

solstitialia 1617

solvendi poenarum 1 1115

0011001 01101 01 1101001 1108

101011 iii 156

sonitus 01 1110010111 1100

sopitur 01 venri 5ο

00110011 1159

speeie· i 1487 5117 nd 09001010 lii 114 7
11 156 7 1707

17111101 bellum 1 591

nurci& v 41

1170110150τὶ 1 1617 571

11 01101 transposed in onr 1010. (11 1757
iii 6157 6747 6807 11 7857 1 1177
1198)

011010 ii 847

1111000, 0001010 0111001151 516

01011100 ii 845

stinguere 1 486

010 ii 1817 11 1058

110100 pointed 11 by Lnnr. 1450-480 7
419 11110 ⁴6⁵3 1· 19010111 1181-8011
1051-10817 1085-11157 116517
iii 307-3223 r· 1111141 1061
1567 195-199 7 17957 0011011110Ιί11
i 6417 10687 ugron 11111 187110 1
⁴70

0111110111 11 1157

101110 vi 111

tub iv 1411 7811 11411

1011100101 7101111001 78

1011100111 suppositisque 11 545

sublimus 1 540

0010100 vinnm 11 1151

0011100 11 866

 

