688

11111111 1111 1 5171111111, 41 md
114114463111411

111114 11111, 1414169

111441941141704

14144, 9114 before 1 8111111114 (144 114147
444 1141

1471141111 iii 545

obstruas 1 714

41 14411111 114 444 941

officior, ii 156

11111, 111111711οά 114, 9. 1787 ἰ 958

111191111411167 omnibu· 11411144 175

omnimodis i 683

1941141811411ἰί1465

oportunus iii 545

191111441151

1114ὶί913

11114114141411

οῑᾶὶιρήωίνὶὃ

41114441417444991

ornatu· 1111141111 1141111 4 17

1111319411 32-403 4146577447
4418157 4444347 177273 Η3444ἰ
4777111417 111141114741 4671
81978817113574441137161 ,545·
3997 7137113171ο447 41111,- 7177
11167116971186711517159176837
7411111114711181

Ρω11411 9111941111οὰ 1 318-313
914111 114’“ 1 5687 (481444“”’ m 355
tanmem& 111 847

91131114 15
91119119414119114114478111114114 114441
114114 precedes 1184144111 9 346 3477

44 165-183741119-1417 716-7117

777-8171 811-8171818-8771·’1“

111-1141 111-1111 111-11611
1411157 1147-11517 114 4414141114 41
3771187181-987 187-1917 419
-47111418-66
9111441111 41 411111. 444 7917 14 1111
9111ε1441141441 pm i 6177 91141, ex

INDEX

148747359411911411111171111

1141411111 91148118414164741 pm
17347 (441414111144911414111 14857
11114111 4111111614 1111411111111
11111,14 8879111111, 1741,εῶῃῖ
1 11437 141171

9114414911, 1111144111 111, 41 ane 111-
111» (ν 111 1111, v σοι, vi 11
1141, 11817 911441, pn 41111 nent
1114144116, 161411 77114411 1111·
441 111191114418 114 444 3977 41 9617
1414 1441414116

participo 1444 1414 444 688

91111117615

pum 141111, 41111114 161 ii ⁴¹93 111111
14 1411141198

7411114747

pu divom 111197 91111 11131

9111111771

9114114 111411, 1171

1111111 111

1111114714 119

91111 1 1111

911141144141115

911141141141 11467 9118411414 111 1
11617 9114411 penetrum 14 698

1111114411

9111494141779

9111141114 13

7181811111,141114.14314

911114441141111144 886

pemmo 4 716

9114114 41 144411 41144 4 7ο7 441 11417
111411414εά 411111 14 9114. 414. 1114
9119111414, 4 133744, 14144141 bat
1111111144ὶί 11417 441 91114414 3114
91111. plur. 4416

9111111111 14 body 1114 11144 111

permitiali: (4 451)

permitti iv 681

perpetuum, 41, 414177 perpetuo 1111
1161

911941111141. 1414111411171491111 4

(w 611)
9118111441 iv 15
pervadere ad 4 555
pervigili 111111 14 754
4744870114ἰὶ 648
peti· 11 141 414151

91148 (i 843479814411111 1911941114441, 941 nequaqum 411441 1 381

 

