mmlx

10 01101110001111001 (11 1079)

1111 5

1111 1017

1001101 9

1111910 011100 11 1049

001111 8087 01100110 11 1087

010, 1101011010, (111 1014)

11100101 097 ii 809

01191· ² 1

11110110.87011.111111010.97(115;

li 1166)

11110011 0011010εο17111111111111110187

lvi 11111 11171

1110 1507 ,

011110 0110111111 10477 000111, 001100,

regen 1 1000

130011110501111186

1011011011 1186

1001 0000011 010. for 000011 00001111

10110161 59³ md 19111111011

14007 0000111, 9110011,οω.--111110.

i 8087 ii 900 ’

101101 386

111110, 101110,11110111 509 7 11 763

ml dmm» 9101 Vi 965

0 ii 1 011 57 1 836

0111111 011 0010110511ἰο 13077

i 11 161 411 8191 111111 iii

118

0000 010 1 665

00100 10110111100110, 0101153711

10110111. 1 1040

001111 1045

1101111111 00010 ii 6597 iii 9567 0101

»vil 111661 potiri mum, rm 1»

’01100 ii 13

110, 0110 0100, 1110 011011, 0117110 011011
10197 0011110 quom 901. 1110 011111.

11 1086

1000110101 144

0001111111 11 90

0001110110, 1110 11 10110 0101100, 14107

1000101011 from 10111 1 450 7 follow

111011· 00000 1 841 ; 701. by 011101. ii

31; 0110100000111101010301.111140

0. 01111. 11 01010010, 0110110101 by 01

110011. 1076

10110111186701111011313

1101110155

⁰³⁰⁸ quisque,primum <1¹2in i 3891

019·

primum 11111011 deindo, 0101 1617
011110 potissimaque iii 780

principium 110113. (1834); 0111010101

01010030101111100 i 977

01000110 and 1011000100 111101 110597
011 turbo 11 447

0100111011455

010011011 1115

procul 001 11 11 856

procumbere v 1000

1111191969

1011119111 11561

010010010101 without 00011011 118

profudit 11 7577 01011010 11 744

0101011101 9577 profundi, 01111011 1000

11111111· vi ⁵74

0101011 0000 011 0110011101030111011
413, 11 394 7 10101110 01111101 01
010130110101101011.1718,11 89111
50, 10407 11110 0 00111. 0110001. 111-
10101001 1 8837 031000 with 011101. in
00110 010100 iii 94 7 quorum 1111111111ιο
11110 11000 101 01100. vi 1084

propago catulorum 11 998

propello 11 1941 111007

propono 111 175

propritim ii 911

proprium 111 3577 proprio 011010 11
1141

1111101ἱί 111

provectu· vi 4⁵0

01001111, introsum, 110111 111 45

0101010 ii 531

0101111101 309

0101011011 1; 8867 111 8417 10467
1048; 10857111οὀ7 11437 111070

0110000 ond 01110000 00111001 (iii 871)
01101 ii 870

111911· ii 803
pythagoream 01111101 to 111 677

quo 10 11 960
900001191011111301. 11 311

quaedam 01111101 11 518

9111100111 1019

9001111 10387 quom quoquo 11ος10111
44

 

